30 20 40 10 25 35 50 5 15 18 41 
                                                                              50 –
                                                                                 41
                                                                           40 –
                                                                              35
                                                                        30 –
                                                                              25
                                                                           20 –
                                                                                    18
                                                                                 15 –
                                                                              10 –
                                                                                 5
